,0,1,2,3,4,5,6,7,8,9,10,11,12,13,14,15,16,17,18,19,20,21,22,23,24,25,26,27,28,29,30,31,32,33,34,35,36,37,38,39,40,41,42,43,44,45,46,47,48,49,50,51,52,53,54,55,56,57,58,59,60,61,62,63,64,65,66,67,68,69,70,71,72,73,74,75,76,77,78,79,80,81,82,83
0,0.0,29.427877939124322,23.53720459187964,115.10864433221339,151.1390088627023,72.74613391789285,152.6400995806803,167.3349933516597,258.30989140952386,261.19150062741323,175.4223474931287,270.1203435507959,314.5059617876901,440.0920358288707,436.09402655849345,100.0199980003999,162.03086125797148,140.19272449025306,219.9681795169474,181.01104938649465,167.99404751359495,193.42440383777844,230.13691576972175,223.57325421436258,287.1393389976372,288.2724405835563,305.32114240582814,306.02941035135825,446.6620646529096,207.54999397735477,212.51352898109803,233.74772726167842,244.2191638672117,290.47030829329185,294.76431262959903,299.1604920439863,412.51060592425983,510.8453777807919,512.5651178143124,510.61629429543274,522.7064185563441,312.09774110044435,335.7454392839909,339.35379768023813,389.4059578383464,388.39284236453176,365.03287523180705,354.3134205756254,355.1830513974449,391.8022460374621,494.39356791932477,495.6500781801613,495.12624652708524,496.7786227284745,436.323274648511,477.3049339782693,470.32541925777304,536.65072440089,499.7019111430333,546.2188206204543,539.9083255516625,549.5843884245621,551.6529706255556,598.5733037815836,602.2167383924163,545.1109978710758,573.1064473551139,578.1046618044176,589.2851601728996,594.3635251258273,595.8162468412556,538.0566884632138,594.6629297341478,599.9133270731697,601.8272177294742,599.5873581055558,592.6212956011622,595.4435321674088,632.641288567226,648.7672926404351,650.4444634248184,647.7514955598327,725.6679681507238,727.6503281109684
1,29.427877939124322,0.0,6.0,144.03471803700663,178.56371411907853,96.81941953967706,177.75544998677256,195.06152875439074,285.0508726525846,287.9670119996386,200.30227157973022,296.952858211535,341.34147125715623,469.11299278532033,465.1042893803496,99.34787365615834,162.9539812339668,152.64992630198026,238.22258499143192,193.08288375720932,175.53916941811022,205.03902067655318,246.14020394888763,242.29527440707545,308.9352683006587,309.95644855366373,331.19933574812615,331.82224156918716,473.9124391699378,208.16579930430456,212.99765256922433,239.82910582329242,249.8259394058191,305.1835513260831,309.92902413294564,314.75863768926183,431.61441125152436,533.5550580774209,535.3101904503593,532.8517617499261,545.1220046925275,308.9352683006587,339.07373829301497,343.82989980512167,397.23670525267426,395.86487593622144,366.0532748111947,365.34093666053906,366.17072520888394,400.02124943557686,509.3338787082595,510.66721061763894,515.5579501860096,517.0502876896985,430.093013195983,481.5371221411699,470.61874165825566,544.8981556217639,514.4861514171203,558.9105474045019,552.0534394422338,561.819365988749,562.8525561814569,616.6652252235406,620.4361369230519,542.6656429146773,568.8980576518081,573.8388275465508,586.8466579950848,596.0486557320636,597.8369342889414,546.2114974989083,599.4881149781037,604.2466383853533,606.130349017437,610.3941349652698,602.7752483305864,605.0528902501004,643.6373202355501,660.2249616607963,661.0370640138116,656.4861003859869,739.0737446290458,741.0917621995268
2,23.53720459187964,6.0,0.0,138.03622712896785,172.6528308484978,91.20307012376283,172.09590349569626,189.12694149697447,279.22392447639584,282.1364917907643,194.68179164986128,291.1168150416599,335.5085691901177,463.11445669510255,459.1056523285245,97.76502442080194,161.32575739788115,148.8690699910495,233.59366429764313,189.44392310127026,172.67889274604468,201.49689823915404,241.8863369436149,237.59419184820155,303.78446306550967,304.82289940225945,325.4796460610095,326.11347718240654,468.03952824521133,206.69059001318854,211.5561391215107,237.33941939762136,247.43686063317244,301.18598904995565,305.85617535044145,310.61390825267307,426.9180249181334,528.3001041075045,530.0499976417319,527.6694040779701,539.9129559475305,308.3326126117703,337.19282317392225,341.7294251304678,394.5237635428315,393.2187686263208,364.64091926167583,362.02486102476445,362.86223281019477,397.23670525267426,505.3602675319855,506.6803726216361,510.65839854055076,512.1767273119699,430.19065540757623,479.5393623051188,469.3932253452323,542.149425896588,510.5408896454818,555.3458381945434,548.586365124034,558.337711425621,559.5596482949785,612.1633768856154,615.9131432271923,542.01291497528,568.6132253122504,573.566909784726,586.2021835510338,594.5771606780738,596.2994214318843,543.480450430372,597.4027117447661,602.2574200456147,604.1473330239901,607.1811920670798,599.681582175074,602.0606281762659,640.3944097195102,656.8995356978113,657.8708079858841,653.6650518423024,735.4032907187728,737.4150798566571
3,115.10864433221339,144.03471803700663,138.03622712896785,0.0,44.553338819890925,62.976185975335156,63.694583757176716,56.94734409961539,149.40548852033515,152.08221460775746,82.68615361715648,160.60821896777264,204.35263639111682,325.0799901562691,321.0700858068219,149.80654191322887,184.54809671194118,126.64912159190051,156.48003067484362,155.03225470849605,164.5600194457937,166.33400133466398,175.946014447614,157.20368952413298,199.64217991196148,201.22872558360052,198.97989848223364,200.0099997500125,334.43235489408016,221.14474897677312,225.72106680591423,222.01801728688596,232.8282628891948,235.0723292946237,236.98523160737253,239.0878499631464,331.48906467634794,413.6290608745957,415.1975433453334,415.1830921412865,426.4551559073943,327.0672713678334,323.9212867349103,322.7088471052506,356.0688135740057,356.5655619938639,360.24574945445227,309.89030317194505,310.871356030111,356.7590223105787,428.0595752929725,428.9743582080402,406.86852913441214,409.11978685954557,455.7301833321993,454.45131752477073,463.2299644884817,495.9677408864411,433.8594242378515,487.61152570463304,483.6248546135734,492.7159425064304,498.85168136431093,517.8127074531872,520.917459872483,546.2490274590884,580.3628175546742,585.4613565385848,589.2546138979312,578.0916882294711,578.1946039180926,497.7037271309107,566.0512344302413,573.1160440957834,575.1052077663703,547.2942535784566,543.045117830922,547.9571151102977,578.9792742404516,593.0236082990289,598.0551814005125,602.6856560430155,661.2866246946176,663.1085883925799
4,151.1390088627023,178.56371411907853,172.6528308484978,44.553338819890925,0.0,85.05880318932309,29.120439557122072,17.146428199482248,107.60576192751019,110.42644610780518,40.8166632639171,119.2560271013587,163.56344334844508,295.1440326349154,291.0549776245031,160.73269735806713,180.3247071257846,116.84605256490268,120.3536455617361,134.662541190934,152.41062955056645,144.10412901787373,142.01408380861386,119.95832609702421,155.68558057829247,157.32132722552274,156.1089363233252,157.02547564010115,295.526648544594,210.06189564030885,214.151815308673,201.11936754077166,211.38590303045282,198.15650380444242,199.3012794740666,200.68383093812017,287.70470972856873,369.32912151629745,370.912388577141,370.75328724098995,382.0850690618517,311.29086077172263,298.640251808091,295.8141308321832,323.0944134459771,324.04012097269685,336.46693745448454,274.4612905311057,275.45598559479515,323.2615040489665,386.15799875180625,387.0064598944054,362.38239471585814,364.65600228160235,438.6627406105971,423.2576047751534,436.8809906599279,459.4006965602033,392.021683073781,446.9362370629618,443.45236497283446,452.37594984702713,459.35824799387245,473.70982679273186,476.7661900764357,521.6713524816175,557.515919055232,562.6028794807222,563.9060205388838,547.7399017782071,547.4394943735791,461.2092800454041,532.2283344580594,539.7508684569206,541.7480964433562,507.6869113932326,504.0585283476513,509.42516624132344,538.9582544130853,552.5287322845754,558.2338219778519,564.4723199590924,619.0613862937988,620.8542502069225
5,72.74613391789285,96.81941953967706,91.20307012376283,62.976185975335156,85.05880318932309,0.0,80.96295449154508,102.1420579389313,189.12429775150522,192.0755059865781,103.4842983258813,201.10942295178512,245.40171148547435,379.969735636932,375.89094163068097,87.68124086713189,130.63690137170278,84.29709366283039,150.11329055083698,122.266103233889,120.10828447696687,134.86660075793412,162.9570495560103,153.18289721767243,214.51573368869705,215.67800073257357,234.51439188245996,235.10423220350586,378.3477236617131,172.03778654702577,176.92371237344076,184.3529224069963,195.33304891901935,224.18965185752887,227.82888315575792,231.6225377634914,341.04105324725936,438.10843406627083,439.8306492276317,437.87783684493553,449.9622206363552,279.8946230280246,288.6052667572094,289.8154585249034,332.74164151785993,332.3747884542388,322.0450279075894,292.7353753819309,293.65796430541434,334.43235489408016,426.58762288655305,427.7534336507423,422.8403954212511,424.5621273736036,408.25237292635546,426.20183012277175,427.132298006133,478.01882808107047,432.05786649475556,480.99376295332564,475.433486410034,484.95257500089633,488.4434460610563,527.5964366824325,531.1431068930482,506.91024846613624,538.5415490006319,543.6221113972463,550.6586964717801,547.1745608121781,547.9607650188104,479.5675134952325,541.5570145423287,547.6677825105289,549.6253269273533,536.7541336589779,530.7617167807038,534.3865642023571,569.4304171714047,584.8717808203778,587.7499468311332,587.8316085410855,659.1191091145818,661.0559734243387
6,152.6400995806803,177.75544998677256,172.09590349569626,63.694583757176716,29.120439557122072,80.96295449154508,0.0,39.06404996924922,109.4120651482276,112.40106761058811,22.847319317591726,121.4495780149112,165.38742394752995,307.58088367127107,303.4616944525289,143.84366513684222,155.7080601638849,91.54780172128658,93.57884376289333,106.00943354249186,125.49501982150527,115.16075720487426,114.29785649783639,93.8829057922687,139.3341307792172,140.76221083799445,153.6033853793594,154.17198189035517,298.48953080468334,182.88247592374728,186.81809334215998,172.16561793807728,182.37324365158395,172.0523176246109,173.69225659193907,175.59612751994277,270.10738605228846,359.5385931996731,361.2090807274922,359.9916665702138,371.7808494261102,282.78260201080263,269.5663183708232,266.8520189168521,295.37433876354254,296.1789999307851,307.3532169995948,247.6630775872738,248.65236777477105,295.7194616524249,364.65600228160235,365.5981400390325,348.15082938289834,350.1742423422945,409.86949142379456,395.09365978208257,407.92278681142585,433.2955111699174,370.4281306812429,423.9339571206817,419.9452345246937,429.0314673773941,435.2401635878748,456.9474805707982,460.2021295039822,492.60633369862387,528.4013626023309,533.4885190892115,534.8925125667773,519.425644341902,519.2167177585868,435.065512308204,504.91484430545313,512.2762926390407,514.2713291638958,483.6713760395585,479.53623429309283,484.5637212998926,515.3134968152882,529.3392107146418,534.4090193849651,539.3968854192616,597.9673904152299,599.8033010912827
7,167.3349933516597,195.06152875439074,189.12694149697447,56.94734409961539,17.146428199482248,102.1420579389313,39.06404996924922,0.0,92.63368717696602,95.36246641105713,41.30375285612676,104.01922899156675,148.09118812407442,278.0107911574657,273.9215216079233,177.16941045225613,194.16745350341287,130.18064372248278,122.266103233889,144.40221604947757,164.54482671904336,152.95751043999115,145.00344823486094,121.0206593933449,148.2362978490761,149.97999866648885,142.03520690307738,143.06292321912062,279.44588027022337,221.92341021172146,225.84286572747877,209.76892048156228,219.7316545243311,198.37338531163903,198.91958174096385,199.7097894445838,280.1106924056988,357.29259718051816,358.83422356291493,359.15734713353703,370.2580181441045,321.13237146074204,304.81797847239915,301.26068445782965,325.2107009309503,326.4169113266039,343.1530270884988,275.2362621458154,276.2354068543712,325.06307080319044,381.12465152493087,381.8952736025938,352.56346946330103,354.9704213029587,447.6929751514982,426.09975357890085,442.13685664056555,458.8627245702139,387.0516761364043,443.0914126904289,440.0840828750797,448.84072898969407,456.5676291635227,465.1763106608074,468.10682541488325,527.5708483227631,564.108145660032,569.183625906438,569.4014401105778,550.8184818976212,550.3035525962013,460.71900329810575,533.3638532934154,541.1515499377231,543.1509918982014,504.7335930963977,501.6303419850119,507.35589086951575,535.6061986198442,548.7312639170472,555.0396382241543,562.5877709300123,613.406064528221,615.1633929290656
8,258.30989140952386,285.0508726525846,279.22392447639584,149.40548852033515,107.60576192751019,189.12429775150522,109.4120651482276,92.63368717696602,0.0,3.0,89.04493247793498,12.041594578792296,56.302753041036986,205.0780339285512,200.98258631035674,249.60769218916312,246.63738564945908,185.87630295441105,123.9112585683803,179.42407865166817,209.48985655634976,182.01373574541017,145.69488666387713,118.83181392203015,90.6697303403953,92.65527507918802,50.44799302251776,51.749396131742444,189.25908168434086,260.17109754928583,262.7812778719215,230.49078072669198,237.79613117121986,174.54225849346628,171.77310616042314,169.24833824885843,209.41107898103195,268.7508139522558,270.1758686485527,271.810595819957,282.202055272459,341.5391632009424,304.53407034353313,297.0404012924841,301.37186331839274,303.9292680871653,343.9316792620302,247.0344105585293,247.98991914995256,299.53463906533415,319.10656527248074,319.50117370676435,271.07563520169055,273.93612394133055,459.05773057427103,402.50217390717285,431.4417689561362,416.78051777884247,325.1861005639694,385.2726307434775,384.5581880548118,392.36080334304546,403.4662315485647,387.202789246152,389.6421435111967,518.6848754301594,558.6009308978996,563.529058700614,557.5060537787908,525.8516901180408,524.1917588058782,418.83767738826936,498.4255210159287,507.4603432781718,509.4389070340034,450.05444115129006,449.4841487750152,456.83804570109965,478.65123002035625,489.58247517655286,498.5719607037684,512.1777035365753,545.5877564608649,547.1846123567439
9,261.19150062741323,287.9670119996386,282.1364917907643,152.08221460775746,110.42644610780518,192.0755059865781,112.40106761058811,95.36246641105713,3.0,0.0,92.04346799203081,9.055385138137417,53.376024580330075,202.27209397245088,198.17921182606415,252.58859831750127,249.43736688796247,188.76705220985997,126.15466697669174,182.07141456033125,212.22865028077618,184.55893367702362,147.7903921099068,121.0206593933449,91.0823802938856,93.05912099305473,48.16637831516918,49.52776998815917,186.2954642496698,262.7470266244701,265.33186766764373,232.7767170487633,240.01249967449613,175.80102388780332,172.93062192682936,170.29973576021777,208.54256160314134,266.62708039507163,268.0410416335528,269.7888062911432,280.116047380367,343.6800837988725,306.1992815145065,298.60676482625104,302.33094449625895,304.9295000487818,345.58067075575855,247.93749212251058,248.88953372932338,300.43967780571194,318.5372819624102,318.913781451978,269.4828380435385,272.3710704168121,460.90020611841777,403.3621201848285,432.6881093813418,416.97122202857116,324.61823731885426,384.8402265876061,384.22649570273,391.98214245039276,403.2245032237004,385.7628805367359,388.1726420035291,519.9355729318778,559.93392467326,564.855733794037,558.6483688332045,526.5899733189002,524.892369919777,419.03460477626425,498.831634923047,507.90648745610645,509.88331998605327,449.7176892229168,449.25382580452225,456.67055959411266,478.2028858131243,489.0337411672123,498.135523728232,511.98730453010256,544.621887184127,546.2105821018117
10,175.4223474931287,200.30227157973022,194.68179164986128,82.68615361715648,40.8166632639171,103.4842983258813,22.847319317591726,41.30375285612676,89.04493247793498,92.04346799203081,0.0,101.02474944289642,144.37797615980077,290.6234677378962,286.50130889753365,161.1241757155021,165.6834330885258,102.00490184299969,81.0617048920142,107.93516572461452,132.14007719083563,115.10864433221339,103.70149468546728,80.06247560499239,117.60952342391326,119.11339135462478,131.4838393111488,131.97348218486925,277.3625785862253,188.09572031282372,191.637678967368,171.17534869250304,180.77057282644208,157.93036440152983,158.83639381451596,160.04374402018968,249.0582261239327,336.77588987336964,338.4405413067412,337.3158757011001,349.06303155733923,283.485449362044,264.1098256407739,260.2652493130806,284.09153454476603,285.2402496142506,302.6648311251243,234.5655558687166,235.56315501368206,284.0281676172277,345.7716009159804,346.64967907096064,326.06901110041105,328.1554509679826,408.90218879335924,384.8597147013441,401.03241764226493,418.9761329717959,351.6091580149755,406.2093056541172,402.66363133513806,411.60417879317015,418.5427098875335,435.6707472392426,438.85532923732393,486.6466890876789,523.463465773878,528.5319290260524,528.3407991060316,509.5576513015971,509.06973981960465,420.8016159664789,492.60227364477316,500.2889165272403,502.287766126152,466.8725736215397,463.25478950573194,468.6533900442842,498.16262404961697,511.7831572062527,517.4272895779658,523.7279828307821,578.8549040994643,580.6634136916153
11,270.1203435507959,296.952858211535,291.1168150416599,160.60821896777264,119.2560271013587,201.10942295178512,121.4495780149112,104.01922899156675,12.041594578792296,9.055385138137417,101.02474944289642,0.0,44.395945760846224,194.26270872197782,190.181492264626,261.4287665885298,257.52087294042786,197.2080120076261,132.4424403278647,189.63122105813693,220.09770557640985,191.7706964058899,153.5773420788366,127.14558584551806,91.92388155425118,93.86160024205851,41.10960958218893,42.649736224272246,177.2512341282847,270.03333127597415,272.5307322119838,239.10457962991842,246.1097316239242,178.94133116750865,175.76404638036757,172.8120366178236,205.20721234888407,259.63435828102564,261.01724080987447,263.07793522072507,273.22335185704753,349.4939198326632,310.4995974232495,302.5987442141821,304.4306160687522,307.1546841576732,349.81423641698746,249.9019807844668,250.84258011749122,302.3739406761105,316.0063290505429,316.3289427162807,263.98674209134066,266.95317941541737,465.72202009353174,405.1135643248693,435.62942967618704,416.67613322579444,322.08849715567305,382.6878623630491,382.37416230702615,389.9871792764475,401.63416189363176,380.66389374354907,382.98825047251773,522.8718772318894,563.1216564828599,568.0228868628446,561.2396992373223,527.9365492178014,526.1235596321458,418.75768649661825,499.16830828889766,508.3630592401458,510.33420422307574,447.8303250116053,447.6840403677576,455.28672284616425,475.9768901953119,486.5079649913247,495.940520627222,510.5222815901378,540.8613500704224,542.4260318236949
12,314.5059617876901,341.34147125715623,335.5085691901177,204.35263639111682,163.56344334844508,245.40171148547435,165.38742394752995,148.09118812407442,56.302753041036986,53.376024580330075,144.37797615980077,44.395945760846224,0.0,160.71403174583108,156.78647900887373,303.4633421024688,295.24566042534815,237.09913538433665,163.26052799130596,225.18214849316985,256.92022108039686,225.64352417031606,181.62874221884596,157.4325252290644,102.18121158021175,103.7159582706538,25.632011235952593,27.202941017470888,133.1052215354454,303.606653418531,305.6501267789693,268.23124351946774,274.05291459862275,194.2652825391094,189.76301009416983,185.41574906139985,188.14090464330184,223.25097984107484,224.47494292236718,228.0372776543344,237.23406163533937,375.2186029503335,329.07901786653,319.7577207824699,312.37317426437244,315.6754662624259,367.7295201639379,257.9922479455536,258.8609665438187,309.5367506452182,301.09633010051783,301.1494645520726,234.94254616820683,238.2666573400483,485.8991664944487,410.42173431727514,446.6027317426529,411.86405524153236,307.11886949518424,369.02709927592036,370.1850888407041,377.04243792973756,390.58545799863055,352.6726527532295,354.57439275841676,533.4004124482844,574.7529904228425,579.5351585538189,569.909641960899,530.5826985494344,528.2092388438506,414.02053089188706,496.9808849442803,506.7208304382207,508.65508942701047,435.0390787044309,436.44243606688843,444.9101032793029,461.39029031829443,470.417899319318,481.4125050307688,499.4777272311549,518.6173926894469,520.0624962444417
13,440.0920358288707,469.11299278532033,463.11445669510255,325.0799901562691,295.1440326349154,379.969735636932,307.58088367127107,278.0107911574657,205.0780339285512,202.27209397245088,290.6234677378962,194.26270872197782,160.71403174583108,0.0,4.123105625617661,451.2748608110139,451.70897710804906,390.59057848340376,323.5691579863569,383.63263677638275,414.35371363124045,385.0999870163592,342.33609216674773,317.83014331557666,259.7344798058202,260.98658969380017,185.02432272541898,186.14241859393576,101.1236866416568,463.34220615005495,465.58672661492403,428.939389657793,434.73440167532175,350.8076395975435,345.57054272608366,340.39682724725856,301.4697331408246,261.00957836830435,261.00957836830435,272.1249712907656,274.05291459862275,535.3298048866699,485.6747883100378,475.390365909954,458.8398413390014,462.7591166038763,523.4539139217511,406.3163791923727,407.0749316772036,455.11097547741036,406.3569859126332,405.72157941130024,304.6489783340821,308.75556675143525,642.6157483286571,550.8184818976212,594.2432162002357,534.0758373115189,411.7317087619072,472.6922889153154,477.5185860257169,482.0850547361949,499.6438731736836,411.0413604492862,411.0109487592758,679.4034147691635,721.8407026484444,726.4213653245615,712.8548239298098,664.1784398789229,660.8343211425993,536.3096120712363,622.0361725816273,632.6460305731792,634.4611887263081,537.5592990545322,542.9042272813871,553.1889369826552,557.8548198232224,562.1618983887115,577.2044698371626,604.0438725788053,588.221896906261,589.1739980684823
14,436.09402655849345,465.1042893803496,459.1056523285245,321.0700858068219,291.0549776245031,375.89094163068097,303.4616944525289,273.9215216079233,200.98258631035674,198.17921182606415,286.50130889753365,190.181492264626,156.78647900887373,4.123105625617661,0.0,447.15321758878133,447.6159067772279,386.4789774360308,319.5809756540586,379.5747620693452,410.2755171832704,381.0682353594957,338.39769502761095,313.84868965793055,255.99023418872838,257.25279395956034,181.16015014345732,182.2909761891685,100.00499987500625,459.3157955045744,461.56906308807135,425.0011764689599,430.82362980690834,347.1440623141925,341.9327419244902,336.7862823809782,298.8594987615418,260.0249987981925,260.05576325088435,271.0368978570999,273.15563329354933,531.4988240814837,482.04252924404915,471.79762610678745,455.5644850073368,459.46599438913864,519.8663289731313,402.9565733425874,403.7189616552584,451.8617045070317,404.1447760394782,403.5257116962933,303.0676492138348,307.1693344069359,638.9976525778479,547.7718503172648,590.975464803743,531.5467994447902,409.54364846741305,470.60492985093134,475.3409302805724,479.9718741759771,497.4424589839512,410.01219494058955,410.03048667141815,676.2115053738734,718.618814114966,723.2074391210311,709.7739076635602,661.3818866585326,658.066106101811,533.7799171943433,619.4755846681934,630.0650760040585,631.8844831138045,535.5641884965797,540.8086537769158,551.0526290655005,556.0368692811655,560.4721224110973,575.4198467206357,602.0431878196115,587.1337156048867,588.0994813804889
15,100.0199980003999,99.34787365615834,97.76502442080194,149.80654191322887,160.73269735806713,87.68124086713189,143.84366513684222,177.16941045225613,249.60769218916312,252.58859831750127,161.1241757155021,261.4287665885298,303.4633421024688,451.2748608110139,447.15321758878133,0.0,63.608175575157006,72.42927584892728,165.43881044059765,106.55045753069294,81.32650244538985,116.62332528272378,165.97288935244816,170.7893439298834,245.0081631293129,245.52189311749777,287.05574371539757,287.1062521088665,435.0574674683794,108.92658077806354,113.79806676741042,142.20407870381214,151.7464991358944,219.4379183277129,225.0910926713894,230.81811020801638,354.5884938911583,467.678308241894,469.55617342337223,465.0688121127883,477.8932935290053,212.09667607013552,239.7936613007108,244.8203422920571,300.01499962501873,298.3638718075632,266.88012290165034,271.87129307817696,272.63712146367743,303.11878859615416,421.1757352934758,422.6499733822303,441.4906567527789,442.43982641710727,336.6749173906485,382.34016268239463,371.7176347713409,447.60920455236396,425.98826274910436,466.59939991388757,458.9782129905514,468.831526243703,468.4879934427349,534.8326841171919,538.9072276375591,445.31561841013394,473.0866728201081,478.08472052555703,489.5028089807044,496.8138484382254,498.5509001095074,448.8485267882696,500.37985570963986,505.02673196574455,506.9043302241558,515.4231271489474,507.1055117034324,508.8310132057597,548.8050655742893,565.9072362145585,565.711940832081,559.4050410927667,647.2542004498696,649.3219540412907
16,162.03086125797148,162.9539812339668,161.32575739788115,184.54809671194118,180.3247071257846,130.63690137170278,155.7080601638849,194.16745350341287,246.63738564945908,249.43736688796247,165.6834330885258,257.52087294042786,295.24566042534815,451.70897710804906,447.6159067772279,63.608175575157006,0.0,64.20280367709809,138.144851514633,72.11795892841117,39.11521443121589,76.42643521714199,130.00384609695206,144.183910336764,219.02282986026822,219.04109203526173,274.98909069270366,274.5942461159738,421.3371571556442,45.552167895721496,50.49752469181039,82.15838362577492,90.62560344626678,172.8380745090618,179.2595883070136,185.72291188757515,312.44359490954525,432.78747671345576,434.73325154627867,428.6968625964039,441.7714341149731,151.5882581204758,176.30938715791623,181.70580618131055,238.87025767139784,236.9155967850154,203.42320418280704,215.11392330576837,215.7985171404104,242.31178262725896,368.08830462268156,369.67688594230503,400.34235349260763,400.8253983968581,278.7507847522586,318.9263237802737,308.47366176061126,386.02849635745804,372.55603605363854,409.508241675305,401.2343454890172,411.1265012134343,409.5473110643018,486.2818112987571,490.57619183975896,383.3770989508893,412.4281755651522,417.46496859018004,427.51725111391704,433.2735856246028,434.97471190863496,387.1963326272603,437.03775580606305,441.5721911533832,443.4433447465414,455.81684918396775,446.8981986985403,448.1283298342117,489.24942514018346,506.759311705271,505.6995155228053,497.87548644214246,590.0186437732286,592.1224535516282
17,140.19272449025306,152.64992630198026,148.8690699910495,126.64912159190051,116.84605256490268,84.29709366283039,91.54780172128658,130.18064372248278,185.87630295441105,188.76705220985997,102.00490184299969,197.2080120076261,237.09913538433665,390.59057848340376,386.4789774360308,72.42927584892728,64.20280367709809,0.0,93.06986622962343,40.82891132518721,37.94733192202055,53.24471804789655,95.46203433826454,98.37174391053561,172.72232050317064,173.1964202863327,218.76242821837573,218.62296311229522,366.65106027393404,94.83142938920619,99.2874614440313,100.09995004993759,111.09005356016353,152.77107055984126,157.7529714458653,162.88339387426822,283.93132972604485,395.3289769293417,397.20146021886677,392.8523895816341,405.640234690791,200.51184503664615,204.3355084169171,205.56507485465522,250.55338752449546,249.86996618241255,238.20369434582665,214.121460858084,214.99069747316975,252.62818528422358,356.78985411583665,358.1438258577132,370.2242563636262,371.3044572853927,329.2385153653807,342.3010371003862,343.053931620088,397.15991741362825,361.90330200206796,406.5968519307546,400.02124943557686,409.7377209874629,411.5057715269617,466.43113103651217,470.3647520807655,423.60830964465276,456.16773230907074,461.26023023885335,467.18411788073445,462.9060379817917,463.72944698390677,398.61886558465847,458.24229398867146,464.1228285701965,466.0708100707445,459.40287330403146,452.4488921414219,455.3602969078442,492.476395373423,508.68556102960105,510.2528784828166,507.9271601322379,586.545820886996,588.5550101732208
18,219.9681795169474,238.22258499143192,233.59366429764313,156.48003067484362,120.3536455617361,150.11329055083698,93.57884376289333,122.266103233889,123.9112585683803,126.15466697669174,81.0617048920142,132.4424403278647,163.26052799130596,323.5691579863569,319.5809756540586,165.43881044059765,138.144851514633,93.06986622962343,0.0,66.03786792439622,99.06563480844405,63.56886030125127,23.769728648009426,6.082762530298219,81.30805618141414,81.50460109711598,140.5809375413324,139.8785187224972,284.205911268573,140.5809375413324,142.47104969080561,106.66770832824712,113.89907813498755,78.59389289251423,80.65977932030313,83.26463835266445,193.44508264621254,302.25982200749075,304.13319450530224,299.8349546000266,312.5987843866319,217.8325044615702,187.13898578329423,181.9038207405221,203.04433013507173,204.17884317431128,226.37358503146962,154.18819669481837,155.18054001710394,203.04433013507173,276.84110966400925,277.9586300153316,278.4061780923692,279.6801744850714,337.8313188560232,303.8387730359639,321.7328083985219,339.7263604726604,282.3933426977343,333.22815007138877,328.53158143472297,337.8179983363823,343.0349836386954,378.7162526219333,382.41469637031474,408.0269598935835,445.853114825948,450.8891216252617,449.1091181439094,428.57204761860055,428.0408858975974,341.4923132370625,411.8810507901523,419.4448712286276,421.4427600517062,391.51117480858704,386.856562565507,391.58523976268566,423.54338620736365,438.12897644415165,442.40253163832597,446.2331229301563,509.8529199681022,511.75873221665694
19,181.01104938649465,193.08288375720932,189.44392310127026,155.03225470849605,134.662541190934,122.266103233889,106.00943354249186,144.40221604947757,179.42407865166817,182.07141456033125,107.93516572461452,189.63122105813693,225.18214849316985,383.63263677638275,379.5747620693452,106.55045753069294,72.11795892841117,40.82891132518721,66.03786792439622,0.0,33.03028912982749,12.649110640673518,60.41522986797286,72.069410986909,147.09860638360922,147.1801617066648,204.01470535233483,203.5165840908303,349.5511407505345,81.40024569987489,84.50443775329198,67.19374970932937,77.88452991448301,113.47246362003426,118.86547017532047,124.41864811996632,248.29418035870273,364.23344162775606,366.1502423869196,360.8850232414751,373.8488999582585,176.78800864312035,169.32217811025228,169.07394831847986,210.67985190805504,210.19990485249988,205.22670391545054,173.3060876022536,174.17806980214243,212.55117030964567,316.8911485037094,318.28289303699626,335.5309225689936,336.3688451685144,304.02138082707273,304.2581141070851,308.6891640469422,356.78985411583665,321.9207977127293,365.90982495691475,359.2520006903232,368.97967423694223,370.67775762783504,428.49154017319876,432.52745577593106,391.2377793618607,425.4715031585547,430.56939045872736,434.3201584085178,426.132608468303,426.6825517876258,358.2764295903374,419.29583828127846,425.4515248533022,427.41197924251026,418.57854698968987,411.6661268552466,414.6444259844813,451.648093099041,467.86536524944864,469.4347665011615,467.35532520770533,545.9917581795535,548.0091240116354
20,167.99404751359495,175.53916941811022,172.67889274604468,164.5600194457937,152.41062955056645,120.10828447696687,125.49501982150527,164.54482671904336,209.48985655634976,212.22865028077618,132.14007719083563,220.09770557640985,256.92022108039686,414.35371363124045,410.2755171832704,81.32650244538985,39.11521443121589,37.94733192202055,99.06563480844405,33.03028912982749,0.0,38.61346915261564,92.00543462209176,105.09519494249011,180.06943105369106,180.1249566273369,236.27314701421318,235.83892808440257,382.32054613896963,57.697486947006624,61.91930232165088,66.0,76.71375365604267,139.63881981741324,145.65026604850402,151.7464991358944,277.5626055505316,395.7233882398158,397.6543725397723,392.02678479920223,405.0481452864585,162.5699849295681,169.61426826773743,172.07265907168403,221.90313201935658,220.69662435116672,202.06187171260194,190.89263998384013,191.67941986556616,224.56402205161893,339.98088181543386,341.47181435661713,365.23143347745963,365.9002596336876,291.2970991959927,309.8031633150314,307.3336948660202,369.4861296449435,344.752084837786,385.47762580985165,378.0277767572113,387.86208889243096,388.0012886576538,454.9439525919649,459.10674140116913,386.8281272089712,418.83767738826936,423.9257010373398,430.5589390548058,428.7493440228218,429.8336887681095,370.8274531369003,426.81377672235465,432.23373306580316,434.1589570652666,435.25969259741936,427.38039262465,429.54045211132325,468.5776349763185,485.43691660194116,485.7715512460564,480.9885653526495,566.0989312832166,568.1593086450314
21,193.42440383777844,205.03902067655318,201.49689823915404,166.33400133466398,144.10412901787373,134.86660075793412,115.16075720487426,152.95751043999115,182.01373574541017,184.55893367702362,115.10864433221339,191.7706964058899,225.64352417031606,385.0999870163592,381.0682353594957,116.62332528272378,76.42643521714199,53.24471804789655,63.56886030125127,12.649110640673518,38.61346915261564,0.0,53.60970061472084,69.6419413859206,143.1851947653807,143.1013626769501,203.66148384021952,203.04433013507173,347.74991013658075,78.29431652425353,80.77747210701756,57.01754116059373,67.36467917239716,102.82023147221562,108.4850220076486,114.29785649783639,239.35329536064467,357.1246281062117,359.0570985233407,353.4147704892935,366.435533211505,168.44583699219166,157.65151442342696,157.0286598045083,198.0353503796734,197.56517911818366,194.0257714840995,160.90680532531866,161.7714437099453,199.90497742677644,305.52904935537634,306.94624936623677,326.8960079291272,327.621733100843,294.7897555886229,291.81672330419997,297.0134677081159,344.1671105727565,310.49798711102784,353.872858524075,347.09940939160356,356.8445039509506,358.35457301393546,418.2212333203564,422.3079445144266,379.99342099567986,414.62513189627083,419.7213361267211,422.9349831829947,413.89491419924457,414.3935327680682,345.65011210760514,406.71488785142844,412.9031363407161,414.86503829558836,406.201920231798,399.2054608844924,402.12684565942624,439.3017186399343,455.58972771562793,457.0350095999211,454.77576892354324,534.0814544617702,536.1063327363332
22,230.13691576972175,246.14020394888763,241.8863369436149,175.946014447614,142.01408380861386,162.9570495560103,114.29785649783639,145.00344823486094,145.69488666387713,147.7903921099068,103.70149468546728,153.5773420788366,181.62874221884596,342.33609216674773,338.39769502761095,165.97288935244816,130.00384609695206,95.46203433826454,23.769728648009426,60.41522986797286,92.00543462209176,53.60970061472084,0.0,27.459060435491963,91.24691775616314,90.93954035511726,157.8923684032892,156.9872606296447,297.8858841905739,125.40334923757021,126.65306944563167,86.6083136886985,92.80086206496145,61.30252849597641,64.90762667052309,69.03622237637282,188.70612072744223,303.90129976688155,305.8234784969918,300.47628858197777,313.4469652110226,195.93366224311737,163.38298565028123,158.15814869933197,181.12426673419552,182.02747045432457,202.6376075658218,133.9738780509096,134.9518432626987,181.4221596167348,264.3066400982011,265.5447231635379,275.53039759707093,276.46699622197224,314.59974570873385,281.34498396097274,298.14258333891183,320.2077450656058,269.66089816656773,318.0817504982013,312.71392677653483,322.1738661033821,326.2974103482895,371.1455240198917,375.0386646733907,384.3448971952145,422.099514332817,427.1369803704662,425.5232073577186,405.95935757166626,405.55394215813016,321.91613814781016,390.63409989400566,397.97864264304434,399.97374913861535,374.7292355821734,369.4144014518113,373.6763305321866,407.1412531296724,422.2605830526927,425.7146931925183,427.93106921559223,496.2912451373689,498.2409055868456
23,223.57325421436258,242.29527440707545,237.59419184820155,157.20368952413298,119.95832609702421,153.18289721767243,93.8829057922687,121.0206593933449,118.83181392203015,121.0206593933449,80.06247560499239,127.14558584551806,157.4325252290644,317.83014331557666,313.84868965793055,170.7893439298834,144.183910336764,98.37174391053561,6.082762530298219,72.069410986909,105.09519494249011,69.6419413859206,27.459060435491963,0.0,75.43208866258443,75.67033764957046,134.63283403390125,133.91415160467545,278.12587078515367,146.54009690183776,148.388004906057,112.0044641967453,119.00420160649792,78.26876771739798,79.81854421122951,81.93900170248598,189.32511719262186,297.0084173891373,298.874555624931,294.72020629743054,307.4491827928642,222.7420032234603,190.55707806324068,184.9648615278048,204.22046910141012,205.49939172659367,229.87822863420539,154.5606677004211,155.55706348475468,204.04411287758342,274.3902330623304,275.4741367170428,273.8521498911411,275.18357509124706,342.0453186348265,305.3276928154405,324.34703636691364,339.5776788895289,279.99107128621085,331.4905730182987,327.01070318874883,336.2350368417902,341.81281427120314,375.0026666571853,378.65815718138174,410.82478016789594,448.9075628679027,453.93391589525453,451.6968009627697,430.11277590883066,429.4857389949054,341.3678367977862,412.54454304959603,420.2296990932459,422.22861106277486,390.2793871062114,385.86137407105156,390.7607963959537,422.1682129199213,436.57072737415643,441.1178980726128,445.53899941531495,507.56772947065895,509.46049895943844
24,287.1393389976372,308.9352683006587,303.78446306550967,199.64217991196148,155.68558057829247,214.51573368869705,139.3341307792172,148.2362978490761,90.6697303403953,91.0823802938856,117.60952342391326,91.92388155425118,102.18121158021175,259.7344798058202,255.99023418872838,245.0081631293129,219.02282986026822,172.72232050317064,81.30805618141414,147.09860638360922,180.06943105369106,143.1851947653807,91.24691775616314,75.43208866258443,0.0,2.0,76.57675887630658,75.07995737878386,207.2052122896526,216.527134558235,217.59825366946308,174.6339027795004,178.712058910416,92.09777413162601,87.6184911990614,83.48652585896721,132.05301965498555,225.01111083677623,226.80828909014767,223.94195676558692,236.2900759659618,276.26798583983634,227.0374418460532,217.5913601225931,213.2510257888576,216.1804801548928,265.58237893354294,158.62219264655246,159.5430976256886,210.9597117935081,234.67850348934817,235.30830839560255,208.9808603676423,210.92652749239485,383.97005091543275,313.43420362174896,345.9869939752071,326.33878102364724,240.69275020241054,298.8812473207377,297.1767151039933,305.40137524248314,315.2681398428963,318.183909084039,321.3191559804675,433.0877509235282,473.9641336641413,478.8005847949645,470.6506135128265,436.033255612459,434.20732375214493,328.380876422486,407.7707689376471,416.83210049131293,418.80902569070787,362.5658560868632,361.1218630877948,368.01630398665765,392.16578127113536,404.14601321799523,411.9259642217276,423.4560189677318,465.72631448094063,467.4505321421722
25,288.2724405835563,309.95644855366373,304.82289940225945,201.22872558360052,157.32132722552274,215.67800073257357,140.76221083799445,149.97999866648885,92.65527507918802,93.05912099305473,119.11339135462478,93.86160024205851,103.7159582706538,260.98658969380017,257.25279395956034,245.52189311749777,219.04109203526173,173.1964202863327,81.50460109711598,147.1801617066648,180.1249566273369,143.1013626769501,90.93954035511726,75.67033764957046,2.0,0.0,78.10249675906654,76.58328799418317,207.80279112658712,216.12959075517634,217.15662550334494,173.95689121158725,177.92695130305583,90.60905032059435,86.05230967266364,81.8413098624405,130.39171752837677,224.13835013223417,225.94247055390008,222.96636517645436,235.34867749787762,275.18720900506986,225.59698579546668,216.08794505941324,211.41428523162762,214.35951110226017,264.09467999185443,156.78328992593566,157.7022510936353,209.10284550909392,232.77886502000132,233.41379565055703,207.65596548137017,209.57576195734086,382.5506502412458,311.5461442547476,344.23683707587134,324.340870073446,238.7907033366249,296.9343361755255,295.21178838251024,303.4435697127227,313.28900395641085,316.62122480970856,319.7717936278933,431.32470367462145,472.2308757377052,477.063937014736,468.84112447608516,434.10712963507063,432.27306184864216,326.38321035249345,405.7893542221136,414.85539649376625,416.83210049131293,360.59672766124766,359.1392487601432,366.02732138462017,390.2127624770876,402.2113872082689,409.96951106149345,421.4676737307382,463.89761801500987,465.62431208002874
